1.000000
8

1.000000	

0.046564	
-0.126229	
0.641546	
-0.423050	
-0.008012	
0.028925	
-0.063320	
0.110249	


0.004653	-0.000880	0.046831	-0.012838	-0.000832	0.000443	0.000861	0.003690	
-0.000880	0.011743	-0.009001	0.031559	-0.000615	-0.002172	-0.001933	-0.005597	
0.046831	-0.009001	0.792319	-0.155209	-0.020739	0.006993	-0.136668	0.071459	
-0.012838	0.031559	-0.155209	0.128358	0.000243	-0.004305	-0.010007	-0.018829	
-0.000832	-0.000615	-0.020739	0.000243	0.002212	-0.000865	0.008924	-0.004519	
0.000443	-0.002172	0.006993	-0.004305	-0.000865	0.004397	-0.014228	0.012696	
0.000861	-0.001933	-0.136668	-0.010007	0.008924	-0.014228	0.349466	-0.050161	
0.003690	-0.005597	0.071459	-0.018829	-0.004519	0.012696	-0.050161	0.047267	


